Results from heasarc_hcg: Hickson Compact Groups of Galaxies (HCG) Catalog
Coordinate system: Equatorial
|hcg|ra        |dec      |lii     |bii     |dynamics_flag|group_type|member_count|angular_size|tot_mag_group|brightest_mag|brightest_redshift|alt_name1|alt_name2|alt_name3|alt_name4|redshift|number_galaxies|log_sigma_vrad|log_vel_dispersion|log_median_sep|log_crossing_time|log_virial_mass|log_projected_mass|log_average_mass|log_median_mass|log_adopted_mass|log_tot_luminosity|log_mass_to_light|log_mass_density|
      |name   

|  1|00 26 00.2|+25 43 05|115.7736|-36.7998|Y            |S3        |           4|  2.9       | 12.8        | 13.8        |                  |U248     |         |         |         |  0.0339|              4|1.93          | 2.12             | 1.69         |-1.32            |44.61          |45.20             |45.33           |45.30          |45.25           |37.37             | 1.17            |-24.91          |
      |HCG 1  

|  2|00 31 30.0|+08 25 53|114.5010|-54.1138|Y            |S2        |           4|  7.1       | 12.1        | 12.9        |                  |U312     |         |         |         |  0.0144|              3|1.74          | 1.88             | 1.72         |-1.06            |44.12          |44.82             |44.73           |44.99          |44.78           |36.98             | 1.08            |-25.47          |
      |HCG 2  

|  3|00 34 11.5|-07 35 35|110.3212|-70.0414|Y            |S2        |           4|  3.8       | 12.3        | 13.0        |                  |         |         |         |         |  0.0255|              3|2.40          | 2.63             | 1.89         |-1.64            |45.95          |46.34             |46.19           |46.58          |46.27           |37.00             | 2.56            |-24.48          |
      |HCG 3  

|  4|00 34 16.0|-21 26 48| 87.4684|-83.1029|Y            |S1        |           5|  3.6       | 12.5        | 13.0        |                  |         |         |         |         |  0.0280|              3|2.53          | 2.76             | 1.76         |-1.90            |46.06          |46.52             |46.36           |46.73          |46.45           |37.37             | 2.36            |-23.91          |
      |HCG 4  

|  5|00 38 54.1|+07 03 49|117.4104|-55.6737|Y            |S2        |           4|  1.6       | 12.5        | 13.3        |                  |N190     |U397     |         |         |  0.0410|              3|2.17          | 2.39             | 1.41         |-1.88            |44.96          |45.48             |45.37           |45.88          |45.43           |37.41             | 1.30            |-23.88          |
      |HCG 5  

|  6|00 39 10.1|-08 23 43|113.5534|-71.0434|Y            |E3        |           4|  1.6       | 12.3        | 13.4        |                  |         |         |         |         |  0.0379|              4|2.40          | 2.63             | 1.40         |-2.12            |45.42          |45.76             |45.87           |45.84          |45.80           |37.31             | 1.78            |-23.49          |
      |HCG 6  

|  7|00 39 23.9|+00 52 41|116.5438|-61.8441|Y            |E2        |           4|  5.7       | 11.4        | 12.1        |                  |N192     |U401     |         |         |  0.0141|              4|1.95          | 2.16             | 1.66         |-1.40            |44.71          |45.20             |45.28           |45.23          |45.21           |37.34             | 1.15            |-24.86          |
      |HCG 7  

|  8|00 49 36.8|+23 34 51|122.3919|-39.2890|Y            |E2        |           4|  1.2       | 12.3        | 13.2        |                  |         |         |         |         |  0.0545|              4|2.65          | 2.89             | 1.46         |-2.32            |46.09          |46.24             |46.39           |46.54          |46.33           |37.88             | 1.73            |-23.14          |
      |HCG 8  

|  9|00 54 18.0|-23 33 04|133.3363|-86.3650|N            |E1        |           4|  2.1       | 13.1        | 13.6        |                  |         |         |         |         |        |               |              |                  |              |                 |               |                  |                |               |                |                  |                 |                |
      |HCG 9  

| 10|01 26 07.4|+34 41 27|130.9758|-27.6385|Y            |S3        |           4| 10.9       | 10.1        | 10.9        |                  |N536     |U1013    |         |         |  0.0161|              4|2.32          | 2.56             | 1.97         |-1.48            |45.79          |46.05             |46.13           |46.42          |46.09           |37.49             | 1.89            |-24.90          |
      |HCG 10 

| 11|01 26 34.3|-23 13 52|188.7354|-81.1510|N            |S1        |           4|  4.9       | 12.1        | 12.5        |                  |         |         |         |         |        |               |              |                  |              |                 |               |                  |                |               |                |                  |                 |                |
      |HCG 11 

| 12|01 27 33.7|-04 40 14|145.5033|-65.9466|Y            |E1        |           5|  2.6       | 12.9        | 13.4        |                  |         |         |         |         |  0.0485|              5|2.38          | 2.62             | 1.77         |-1.73            |45.75          |46.11             |46.31           |45.94          |46.03           |37.45             | 1.87            |-24.37          |
      |HCG 12 

| 13|01 32 22.1|-07 52 52|151.5534|-68.4478|Y            |E2        |           5|  2.5       | 13.3        | 14.0        |                  |         |         |         |         |  0.0411|              5|2.26          | 2.44             | 1.67         |-1.66            |45.30          |45.64             |45.88           |45.90          |45.78           |37.47             | 1.59            |-24.32          |
      |HCG 13 

| 14|01 59 47.6|-07 01 43|164.9523|-64.1710|Y            |S3        |           4|  6.7       | 12.1        | 13.0        |                  |         |         |         |         |  0.0183|              3|2.52          | 2.76             | 1.43         |-2.22            |45.88          |45.30             |46.26           |46.41          |46.34           |36.84             | 2.78            |-23.04          |
      |HCG 14 

| 15|02 07 39.0|+02 08 18|158.0462|-55.4501|Y            |E3        |           6|  7.7       | 11.7        | 13.3        |                  |U1624    |         |         |         |  0.0228|              6|2.63          | 2.86             | 1.89         |-1.87            |46.29          |46.64             |47.01           |47.03          |46.86           |37.36             | 2.79            |-23.88          |
      |HCG 15 

| 16|02 09 33.3|-10 09 47|173.9828|-64.9697|Y            |S3        |           4|  6.4       | 10.2        | 11.4        |                  |ARP318   |N835     |         |         |  0.0132|              4|2.09          | 2.31             | 1.65         |-1.56            |44.96          |45.40             |45.54           |45.41          |45.41           |37.34             | 1.35            |-24.63          |
      |HCG 16 

| 17|02 14 06.3|+13 18 48|151.9116|-44.8566|Y            |E3        |           5|  1.0       | 13.7        | 15.0        |                  |         |         |         |         |  0.0603|              5|2.12          | 2.18             | 1.35         |-1.73            |44.58          |44.75             |45.10           |44.59          |44.59           |37.22             | 0.65            |-24.56          |
      |HCG 17 

| 18|02 39 06.8|+18 22 59|155.7374|-37.5359|N            |S2        |           4|  2.0       | 12.7        | 13.4        |                  |ARP258   |VV143    |U2140    |         |        |               |              |                  |              |                 |               |                  |                |               |                |                  |                 |                |
      |HCG 18 

| 19|02 42 45.1|-12 24 43|188.9796|-60.0742|N            |E3        |           4|  3.1       | 12.1        | 13.0        |                  |         |         |         |         |        |               |              |                  |              |                 |               |                  |                |               |                |                  |                 |                |
      |HCG 19 

| 20|02 44 15.0|+26 06 11|152.3558|-30.2453|Y            |S3        |           6|  1.5       | 13.0        | 14.5        |                  |         |         |         |         |  0.0484|              5|2.44          | 2.67             | 1.50         |-2.07            |45.62          |45.74             |46.10           |45.61          |45.69           |37.08             | 1.89            |-23.89          |
      |HCG 20 

| 21|02 45 17.7|-17 37 10|199.0026|-62.0944|Y            |S3        |           5| 10.8       | 10.1        | 11.0        |                  |N1099    |         |         |         |  0.0251|              3|2.05          | 2.27             | 2.13         |-1.03            |45.52          |46.00             |45.89           |46.42          |45.95           |37.43             | 1.80            |-25.54          |
      |HCG 21 

| 22|03 03 31.3|-15 40 33|199.2587|-57.3179|Y            |E1        |           5|  5.0       | 10.5        | 11.1        |                  |N1199    |         |         |         |  0.0090|              3|1.64          | 1.25             | 1.43         |-0.72            |42.74          |43.55             |43.80           |44.48          |43.70           |36.88             | 0.10            |-25.67          |
      |HCG 22 

| 23|03 07 06.5|-09 35 08|190.6984|-53.5299|Y            |S3        |           5|  7.1       | 11.2        | 12.1        |                  |N1214    |         |         |         |  0.0161|              4|2.23          | 2.44             | 1.82         |-1.52            |45.51          |45.90             |45.99           |46.02          |45.95           |36.82             | 2.41            |-25.59          |
      |HCG 23 

| 24|03 20 18.9|-10 51 53|195.2955|-51.4410|Y            |E2        |           4|  2.4       | 12.7        | 13.6        |                  |         |         |         |         |  0.0305|              5|2.30          | 2.51             | 1.47         |-1.93            |45.30          |45.54             |45.84           |45.29          |45.44           |37.12             | 1.60            |-24.07          |
      |HCG 24 

| 25|03 20 43.7|-01 03 07|183.2004|-45.7252|Y            |S3        |           7|  6.4       | 11.8        | 12.9        |                  |         |         |         |         |  0.0212|              4|1.79          | 2.13             | 1.68         |-1.16            |44.22          |44.74             |44.85           |44.94          |44.80           |37.11             | 0.97            |-25.33          |
      |HCG 25 

| 26|03 21 54.2|-13 38 45|199.5572|-52.4338|Y            |S2        |           4|  1.9       | 12.7        | 13.3        |                  |         |         |         |         |  0.0316|              7|2.30          | 2.52             | 1.50         |-1.92            |45.13          |45.56             |45.98           |45.63          |45.60           |37.03             | 1.85            |-23.99          |
      |HCG 26 

| 27|04 19 21.2|-11 42 35|205.9554|-39.0005|Y            |S3        |           5|  3.8       | 14.0        | 15.1        |                  |         |         |         |         |  0.0874|              4|2.09          | 2.10             | 2.03         |-0.97            |44.99          |45.59             |45.60           |45.75          |45.60           |37.42             | 1.46            |-25.57          |
      |HCG 27 

| 28|04 27 19.5|-10 19 00|205.4510|-36.6320|Y            |S1        |           4|  1.2       | 13.2        | 13.7        |                  |         |         |         |         |  0.0380|              3|1.93          |                  | 1.34         |-1.70            |44.55          |44.81             |44.75           |45.15          |44.78           |37.25             | 0.82            |-24.34          |
      |HCG 28 

| 29|04 34 46.0|-30 32 50|230.9509|-41.4691|Y            |S2        |           4|  0.8       | 14.8        | 15.2        |                  |         |         |         |         |  0.1047|              3|2.61          | 2.85             | 1.48         |-2.26            |45.96          |46.46             |46.29           |46.55          |46.38           |37.48             | 2.19            |-23.13          |
      |HCG 29 

| 30|04 36 28.6|-02 49 57|198.8086|-31.0813|Y            |S3        |           4|  4.5       | 11.6        | 12.4        |                  |         |         |         |         |  0.0154|              4|1.86          | 2.04             | 1.71         |-1.22            |44.55          |44.95             |44.97           |45.11          |44.96           |37.21             | 1.03            |-25.26          |
      |HCG 30 

| 31|05 01 36.9|-04 15 24|203.7147|-26.2989|Y            |S2        |           4|  0.9       | 13.5        | 14.3        |                  |         |         |         |         |  0.0137|              3|1.75          | 1.82             | 0.91         |-1.80            |43.23          |43.93             |43.90           |44.27          |43.91           |37.12             | 0.08            |-23.92          |
      |HCG 31 

| 32|05 01 42.9|-15 25 12|215.2170|-31.0965|Y            |E1        |           4|  3.0       | 12.7        | 13.3        |                  |         |         |         |         |  0.0408|              4|2.32          | 2.55             | 1.79         |-1.66            |45.65          |46.10             |46.12           |45.87          |46.00           |37.68             | 1.61            |-24.45          |
      |HCG 32 

| 33|05 10 47.9|+18 02 05|184.8153|-12.6277|Y            |E3        |           4|  2.1       | 12.4        | 13.5        |                  |         |         |         |         |  0.0260|              4|2.19          | 2.42             | 1.39         |-1.92            |45.03          |45.13             |45.35           |45.50          |45.26           |36.88             | 1.66            |-24.00          |
      |HCG 33 

| 34|05 21 47.4|+06 40 37|196.1931|-16.4991|Y            |E1        |           4|  1.2       | 12.7        | 13.1        |                  |         |         |         |         |  0.0307|              4|2.50          | 2.74             | 1.19         |-2.44            |45.47          |45.85             |45.98           |45.95          |45.90           |37.19             | 2.00            |-22.77          |
      |HCG 34 

| 35|08 45 19.6|+44 31 18|176.1213| 38.4795|Y            |S3        |           6|  2.2       | 12.4        | 13.6        |                  |         |         |         |         |  0.0542|              6|2.50          | 2.74             | 1.65         |-1.98            |45.88          |46.39             |46.64           |46.20          |46.31           |37.68             | 1.91            |-23.74          |
      |HCG 35 

| 36|09 09 23.7|+15 47 44|213.3793| 37.5208|N            |S1        |           4|  1.9       | 12.5        | 12.9        |                  |         |         |         |         |        |               |              |                  |              |                 |               |                  |                |               |                |                  |                 |                |
      |HCG 36 

| 37|09 13 35.7|+30 00 51|195.9123| 42.5343|Y            |E2        |           5|  3.2       | 11.5        | 12.1        |                  |         |         |         |         |  0.0223|              5|2.60          | 2.84             | 1.46         |-2.27            |45.93          |46.19             |46.48           |46.30          |46.25           |37.44             | 2.09            |-23.21          |
      |HCG 37 

| 38|09 27 38.9|+12 16 51|219.8008| 40.1566|Y            |S3        |           4|  2.9       | 12.5        | 13.8        |                  |         |         |         |         |  0.0292|              3|1.11          |                  | 1.77         | 0.88            |               |                  |                |               |                |37.12             |                 |                |
      |HCG 38 

| 39|09 29 28.9|-01 20 40|234.8864| 33.7366|Y            |E2        |           4|  1.0       | 13.9        | 15.1        |                  |         |         |         |         |  0.0701|              4|2.30          | 2.52             | 1.44         |-1.98            |45.30          |45.78             |45.78           |45.84          |45.78           |37.33             | 1.73            |-23.61          |
      |HCG 39 

| 40|09 38 54.5|-04 51 07|239.9587| 33.5932|Y            |E2        |           6|  1.7       | 11.4        | 12.5        |                  |         |         |         |         |  0.0223|              5|2.17          | 2.40             | 1.18         |-2.12            |44.84          |45.29             |45.48           |45.23          |45.26           |37.39             | 1.16            |-23.36          |
      |HCG 40 

| 41|09 57 39.6|+45 14 22|173.4549| 51.1480|N            |S1        |           4|  4.1       | 11.9        | 12.4        |                  |U5345    |         |         |         |        |               |              |                  |              |                 |               |                  |                |               |                |                  |                 |                |
      |HCG 41 

| 42|10 00 21.8|-19 38 57|256.7906| 27.5142|Y            |E1        |           4|  6.0       | 10.6        | 10.9        |                  |N3091    |         |         |         |  0.0133|              4|2.33          | 2.56             | 1.65         |-1.81            |45.48          |45.84             |45.95           |45.82          |45.83           |37.42             | 1.69            |-24.20          |
      |HCG 42 

| 43|10 11 13.8|-00 01 54|241.4420| 42.9218|Y            |S2        |           5|  3.5       | 12.4        | 13.3        |                  |         |         |         |         |  0.0330|              5|2.35          | 2.58             | 1.77         |-1.70            |45.75          |46.15             |46.35           |46.06          |46.11           |37.21             | 2.19            |-24.30          |
      |HCG 43 

| 44|10 18 00.5|+21 48 44|213.0585| 54.8206|Y            |S2        |           4| 16.4       |  9.3        | 10.0        |            0.0040|ARP316   |         |         |         |  0.0046|              4|2.13          | 2.34             | 1.58         |-1.65            |45.04          |45.43             |45.50           |45.57          |45.47           |36.85             | 1.90            |-24.37          |
      |HCG 44 

| 45|10 19 11.3|+59 06 35|151.5781| 48.6816|Y            |S1        |           4|  3.4       | 13.5        | 14.0        |                  |U5564    |         |         |         |  0.0732|              3|2.26          | 2.49             | 2.02         |-1.36            |45.85          |46.10             |46.04           |46.52          |46.07           |37.60             | 1.75            |-25.08          |
      |HCG 45 

| 46|10 22 01.8|+17 48 54|220.1160| 54.3955|Y            |E3        |           4|  3.6       | 12.3        | 13.8        |                  |         |         |         |         |  0.0270|              4|2.51          | 2.75             | 1.60         |-2.04            |45.78          |46.19             |46.33           |46.12          |46.15           |36.76             | 2.68            |-23.74          |
      |HCG 46 

| 47|10 25 48.4|+13 43 54|227.0703| 53.5177|Y            |S1        |           4|  2.3       | 12.5        | 12.9        |                  |U5644    |         |         |         |  0.0317|              4|1.63          |                  | 1.56         | 0.66            |               |43.54             |43.98           |               |43.81           |37.17             |-0.07            |-26.95          |
      |HCG 47 

| 48|10 55 48.2|-27 05 15|273.4295| 29.0780|Y            |E1        |           4|  5.0       | 11.6        | 12.1        |                  |         |         |         |         |  0.0094|              3|2.48          | 2.70             | 1.31         |-2.29            |45.65          |46.14             |46.02           |46.38          |46.08           |36.52             | 2.84            |-22.93          |
      |HCG 48 

| 49|10 56 36.5|+67 10 45|138.5774| 46.3064|Y            |E2        |           4|  0.9       | 14.4        | 15.2        |                  |         |         |         |         |  0.0332|              4|1.53          |                  | 1.09         | 0.19            |               |                  |                |               |                |36.82             |                 |                |
      |HCG 49 

| 50|11 17 06.1|+54 55 07|148.1564| 57.3451|Y            |E2        |           5|  0.7       | 14.4        | 15.5        |                  |         |         |         |         |  0.1392|              5|2.67          | 2.91             | 1.59         |-2.21            |46.22          |46.54             |46.73           |46.48          |46.51           |37.43             | 2.37            |-23.33          |
      |HCG 50 

| 51|11 22 20.9|+24 17 35|215.9898| 69.7606|Y            |E2        |           6|  4.5       | 11.5        | 12.6        |                  |N3651    |U6388    |         |         |  0.0258|              5|2.38          | 2.61             | 1.77         |-1.73            |45.51          |46.14             |46.33           |45.81          |46.01           |37.43             | 1.86            |-24.41          |
      |HCG 51 

| 52|11 26 18.7|+21 05 21|225.6128| 69.6894|Y            |S1        |           4|  3.2       | 12.8        | 13.4        |                  |         |         |         |         |  0.0430|              3|2.26          | 2.47             | 1.94         |-1.43            |45.55          |46.19             |46.07           |46.48          |46.14           |37.38             | 2.04            |-24.76          |
      |HCG 52 

| 53|11 28 58.3|+20 46 35|227.1366| 70.1478|Y            |S1        |           4| 12.9       | 11.5        | 12.2        |                  |N3697    |U6479    |         |         |  0.0206|              3|1.91          | 2.00             | 1.76         |-1.14            |44.30          |44.99             |44.99           |44.50          |44.81           |37.35             | 0.74            |-25.56          |
      |HCG 53 

| 54|11 29 15.3|+20 34 43|227.7485| 70.1315|Y            |E2        |           4|  0.7       | 14.3        | 15.0        |                  |ROSE27   |I700     |U6487    |         |  0.0049|              4|2.05          | 2.26             | 0.20         |-2.96            |43.50          |44.02             |44.04           |43.67          |43.88           |35.66             | 1.51            |-21.80          |
      |HCG 54 

| 55|11 32 07.5|+70 48 43|131.9867| 44.8959|Y            |E3        |           5|  0.9       | 13.4        | 14.9        |            0.0520|ARP329   |VV172    |U6514    |         |  0.0526|              4|2.33          | 2.52             | 1.28         |-2.13            |45.13          |45.58             |45.69           |45.42          |45.51           |37.44             | 1.35            |-23.41          |
      |HCG 55 

| 56|11 32 31.9|+52 56 55|147.1723| 60.3073|Y            |S3        |           5|  2.1       | 12.2        | 13.1        |            0.0270|ARP322   |VV150    |U6527    |         |  0.0270|              5|2.23          | 2.45             | 1.33         |-2.02            |44.97          |45.44             |45.58           |45.21          |45.34           |37.20             | 1.42            |-23.74          |
      |HCG 56 

| 57|11 37 50.5|+21 59 06|226.0176| 72.5134|Y            |S2        |           8|  5.5       | 11.4        | 12.6        |                  |ARP320   |VV282    |U6602    |         |  0.0304|              7|2.43          | 2.66             | 1.86         |-1.69            |45.80          |46.37             |46.68           |46.10          |46.26           |37.71             | 1.84            |-24.42          |
      |HCG 57 

| 58|11 42 11.8|+10 19 01|255.5016| 66.5783|Y            |S3        |           5|  8.8       | 12.6        | 13.5        |                  |N3825    |U6668    |         |         |  0.0207|              5|2.21          | 2.44             | 1.95         |-1.39            |45.64          |46.13             |46.26           |45.73          |45.98           |37.53             | 1.73            |-24.97          |
      |HCG 58 

| 59|11 48 25.6|+12 43 34|254.1550| 69.3853|Y            |E3        |           5|  2.1       | 12.5        | 13.5        |                  |ROSE7    |         |         |         |  0.0135|              4|2.28          | 2.51             | 1.33         |-2.07            |45.15          |45.61             |45.62           |45.46          |45.54           |36.67             | 2.15            |-23.54          |
      |HCG 59 

| 60|12 03 05.1|+51 41 35|140.0310| 63.8000|Y            |E2        |           4|  2.3       | 13.4        | 14.4        |                  |         |         |         |         |  0.0625|              4|2.63          | 2.85             | 1.75         |-1.99            |46.18          |46.65             |46.69           |46.75          |46.67           |37.75             | 2.21            |-24.67          |
      |HCG 60 

| 61|12 12 23.9|+29 10 40|197.2596| 81.1573|Y            |E3        |           4|  3.8       |  9.9        | 11.1        |                  |ROSE10   |N4169    |U7202    |         |  0.0130|              3|1.94          | 2.16             | 1.46         |-1.60            |44.56          |45.05             |44.92           |45.43          |44.99           |37.11             | 1.16            |-24.46          |
      |HCG 61 

| 62|12 53 08.2|-09 13 27|303.6388| 53.6453|Y            |E3        |           4|  3.7       | 11.6        | 12.4        |                  |         |         |         |         |  0.0137|              4|2.46          | 2.69             | 1.43         |-2.16            |45.43          |45.87             |45.88           |45.86          |45.87           |37.02             | 2.13            |-23.51          |
      |HCG 62 

| 63|13 02 10.0|-32 46 05|305.5373| 30.0493|Y            |S3        |           4|  2.9       | 13.1        | 13.9        |                  |         |         |         |         |  0.0311|              3|2.12          | 2.16             | 1.65         |-1.41            |44.73          |45.20             |45.23           |45.23          |45.22           |37.53             | 0.97            |-24.81          |
      |HCG 63 

| 64|13 25 43.3|-03 51 28|319.1944| 57.9274|Y            |S2        |           4|  1.7       | 13.4        | 14.4        |                  |         |         |         |         |  0.0360|              3|2.33          | 2.55             | 1.41         |-2.03            |45.15          |45.79             |45.62           |45.51          |45.57           |37.16             | 1.69            |-23.76          |
      |HCG 64 

| 65|13 29 53.9|-29 29 59|312.8720| 32.6287|Y            |E1        |           5|  1.7       | 12.7        | 13.6        |                  |         |         |         |         |  0.0475|              5|2.51          | 2.74             | 1.66         |-1.97            |45.74          |46.19             |46.44           |46.11          |46.15           |38.08             | 1.36            |-23.93          |
      |HCG 65 

| 66|13 38 33.5|+57 18 16|110.6800| 58.6890|Y            |E1        |           4|  1.0       | 13.8        | 14.5        |                  |VV135    |         |         |         |  0.0699|              4|2.48          | 2.72             | 1.51         |-2.10            |45.68          |46.20             |46.19           |46.19          |46.19           |37.68             | 1.79            |-23.44          |
      |HCG 66 

| 67|13 49 03.5|-07 12 20|327.1084| 52.9402|Y            |E3        |           4|  3.3       | 11.6        | 12.5        |                  |         |         |         |         |  0.0245|              4|2.32          | 2.56             | 1.69         |-1.76            |45.42          |46.06             |46.11           |46.00          |46.03           |37.65             | 1.67            |-24.14          |
      |HCG 67 

| 68|13 53 40.9|+40 19 41| 82.6245| 71.5701|Y            |E3        |           5|  9.2       |  9.5        | 10.5        |            0.0080|N5353    |         |         |         |  0.0080|              5|2.19          | 2.42             | 1.52         |-1.79            |45.11          |45.36             |45.55           |45.68          |45.47           |37.27             | 1.48            |-24.18          |
      |HCG 68 

| 69|13 55 30.7|+25 03 46| 28.3567| 75.4772|Y            |S2        |           4|  1.9       | 12.2        | 13.1        |                  |VV281    |U8842    |         |         |  0.0294|              4|2.35          | 2.58             | 1.48         |-1.99            |45.31          |45.77             |45.84           |45.53          |45.67           |37.20             | 1.76            |-23.88          |
      |HCG 69 

| 70|14 04 13.2|+33 19 40| 58.8948| 73.1305|Y            |S2        |           6|  3.4       | 12.1        | 13.2        |                  |         |         |         |         |  0.0636|              4|2.16          | 2.31             | 1.86         |-1.34            |45.23          |45.69             |45.80           |45.67          |45.68           |37.63             | 1.34            |-24.99          |
      |HCG 70 

| 71|14 11 04.6|+25 29 06| 32.1723| 72.0956|Y            |S1        |           4|  5.0       | 12.8        | 13.3        |                  |I4381    |U9073    |         |         |  0.0301|              3|2.62          | 2.85             | 1.70         |-2.04            |46.27          |46.69             |46.55           |47.05          |46.62           |37.40             | 2.51            |-23.57          |
      |HCG 71 

| 72|14 47 55.3|+19 03 34| 22.3558| 62.1002|Y            |E3        |           5|  1.8       | 11.9        | 13.2        |            0.0430|ARP328   |VV165    |U9532    |         |  0.0421|              4|2.42          | 2.66             | 1.55         |-2.00            |45.59          |46.12             |46.18           |46.04          |46.08           |37.73             | 1.64            |-23.66          |
      |HCG 72 

| 73|15 02 40.1|+23 21 13| 33.0405| 60.1696|Y            |S1        |           5|  4.8       | 12.5        | 13.0        |                  |ARP42    |VV7      |N5829    |U9673    |  0.0449|              3|2.09          | 2.13             | 2.00         |-1.02            |45.10          |45.55             |45.60           |45.87          |45.57           |36.89             | 1.97            |-25.51          |
      |HCG 73 

| 74|15 19 28.3|+20 53 37| 30.6122| 55.7496|Y            |E2        |           5|  1.9       | 12.1        | 12.9        |                  |VV139    |         |         |         |  0.0399|              5|2.50          | 2.73             | 1.59         |-2.03            |45.75          |46.20             |46.41           |46.56          |46.32           |37.62             | 1.99            |-23.55          |
      |HCG 74 

| 75|15 21 33.8|+21 11 00| 31.3620| 55.3721|Y            |E3        |           6|  2.2       | 12.4        | 13.5        |                  |         |         |         |         |  0.0416|              6|2.47          | 2.66             | 1.57         |-1.98            |45.52          |46.14             |46.35           |45.13          |45.93           |37.55             | 1.67            |-23.87          |
      |HCG 75 

| 76|15 31 41.9|+07 18 29| 12.8876| 47.1882|Y            |S3        |           5|  3.3       | 12.3        | 13.6        |                  |         |         |         |         |  0.0340|              7|2.39          | 2.62             | 1.86         |-1.65            |45.75          |46.18             |46.53           |46.07          |46.13           |37.59             | 1.82            |-24.54          |
      |HCG 76 

| 77|15 49 17.2|+21 49 42| 35.4693| 49.3937|N            |E3        |           4|  0.8       | 13.8        | 14.8        |                  |U10049   |         |         |         |        |               |              |                  |              |                 |               |                  |                |               |                |                  |                 |                |
      |HCG 77 

| 78|15 48 28.0|+68 12 28|102.7577| 41.3027|N            |S3        |           4|  3.5       | 12.7        | 13.5        |                  |U10057   |         |         |         |        |               |              |                  |              |                 |               |                  |                |               |                |                  |                 |                |
      |HCG 78 

| 79|15 59 12.9|+20 45 06| 34.9628| 46.8654|Y            |E3        |           5|  1.3       | 11.3        | 12.6        |            0.0150|VV115    |N6027    |U10116   |         |  0.0145|              4|2.14          | 2.36             | 0.83         |-2.43            |44.44          |44.86             |44.88           |44.79          |44.83           |36.90             | 1.21            |-22.74          |
      |HCG 79 

| 80|15 59 12.3|+65 13 33| 98.6165| 41.9622|Y            |E2        |           4|  1.7       | 12.6        | 13.3        |                  |         |         |         |         |  0.0310|              4|2.43          | 2.67             | 1.40         |-2.16            |45.58          |45.95             |45.94           |46.17          |45.94           |37.13             | 2.10            |-23.34          |
      |HCG 80 

| 81|16 18 13.0|+12 47 39| 27.0721| 39.7127|Y            |E3        |           4|  0.9       | 13.3        | 14.5        |                  |U10319   |         |         |         |  0.0499|              4|2.25          | 2.43             | 1.26         |-2.06            |44.89          |45.55             |45.59           |45.40          |45.48           |37.13             | 1.64            |-23.39          |
      |HCG 81 

| 82|16 28 22.1|+32 49 25| 53.6910| 43.1815|Y            |E2        |           4|  3.1       | 12.2        | 13.1        |                  |N6162    |U10403   |         |         |  0.0362|              4|2.79          | 3.03             | 1.85         |-2.07            |46.61          |47.06             |47.02           |47.06          |47.04           |37.62             | 2.70            |-23.60          |
      |HCG 82 

| 83|16 35 40.9|+06 16 12| 22.2294| 32.9371|Y            |E3        |           4|  1.9       | 13.8        | 14.8        |                  |         |         |         |         |  0.0531|              5|2.66          | 2.89             | 1.70         |-2.08            |46.19          |46.61             |46.79           |46.74          |46.68           |37.31             | 2.66            |-23.50          |
      |HCG 83 

| 84|16 44 08.1|+77 50 10|110.6063| 32.9999|Y            |E3        |           6|  2.4       | 13.5        | 14.7        |                  |         |         |         |         |  0.0556|              5|2.31          | 2.52             | 1.77         |-1.64            |45.42          |45.96             |46.04           |45.73          |45.86           |37.75             | 1.39            |-24.55          |
      |HCG 84 

| 85|18 50 22.3|+73 21 00|104.3458| 25.9796|Y            |E3        |           4|  1.3       | 12.8        | 13.6        |                  |         |         |         |         |  0.0393|              4|2.56          | 2.80             | 1.39         |-2.30            |45.87          |46.27             |46.29           |46.41          |46.28           |37.25             | 2.32            |-22.98          |
      |HCG 85 

| 86|19 51 59.2|-30 49 34|  9.8180|-25.6729|Y            |E2        |           4|  4.0       | 12.3        | 13.2        |                  |         |         |         |         |  0.0199|              4|2.43          | 2.66             | 1.67         |-1.89            |45.80          |46.16             |46.24           |46.24          |46.20           |37.24             | 2.25            |-23.90          |
      |HCG 86 

| 87|20 48 11.9|-19 50 26| 26.4789|-34.2671|Y            |S1        |           4|  1.5       | 12.4        | 12.9        |                  |         |         |         |         |  0.0296|              3|2.08          | 2.16             | 1.49         |-1.56            |44.65          |44.85             |44.95           |45.47          |44.91           |37.35             | 0.84            |-24.64          |
      |HCG 87 

| 88|20 52 22.8|-05 45 28| 42.1281|-29.4487|Y            |S3        |           4|  5.2       | 11.3        | 12.2        |            0.0200|N6978    |         |         |         |  0.0201|              4|1.43          |                  | 1.83         | 0.94            |               |                  |                |               |                |37.53             |                 |                |
      |HCG 88 

| 89|21 20 10.8|-03 54 32| 48.0199|-34.5929|Y            |S2        |           4|  4.8       | 13.7        | 14.6        |                  |         |         |         |         |  0.0297|              4|1.74          | 1.72             | 1.77         |-0.84            |43.90          |44.79             |44.93           |44.98          |44.86           |37.33             | 0.81            |-25.54          |
      |HCG 89 

| 90|22 02 05.6|-31 58 00| 14.9691|-53.0854|Y            |E3        |           4|  7.4       |  9.1        | 10.1        |            0.0090|N7172    |         |         |         |  0.0088|              4|2.00          | 2.22             | 1.47         |-1.65            |44.39          |45.10             |45.06           |44.94          |45.00           |37.19             | 1.09            |-24.49          |
      |HCG 90 

| 91|22 09 12.4|-27 46 33| 22.2773|-54.1697|Y            |S1        |           4|  5.2       | 11.7        | 12.3        |                  |         |         |         |         |  0.0238|              4|2.26          | 2.48             | 1.72         |-1.66            |45.35          |45.86             |45.90           |45.47          |45.71           |37.62             | 1.37            |-24.55          |
      |HCG 91 

| 92|22 36 00.5|+33 57 57| 93.2684|-20.9901|Y            |S2        |           5|  3.2       | 11.1        | 12.0        |            0.0200|ARP319   |VV288    |N7320    |U12101   |  0.0215|              4|2.59          | 2.83             | 1.45         |-2.27            |45.78          |46.01             |46.21           |45.95          |45.98           |37.62             | 1.64            |-23.47          |
      |HCG 92 

| 93|23 15 24.2|+18 58 59| 93.5525|-38.3490|Y            |E3        |           5|  9.0       | 10.9        | 12.0        |                  |ARP99    |N7550    |U12456   |         |  0.0168|              4|2.32          | 2.55             | 1.85         |-1.59            |45.78          |46.05             |46.15           |46.30          |46.10           |37.45             | 1.93            |-24.55          |
      |HCG 93 

| 94|23 17 16.5|+18 43 11| 93.9009|-38.7861|Y            |E1        |           7|  2.8       | 12.3        | 13.1        |                  |ARP170   |N7578    |U12478   |         |  0.0417|              7|2.68          | 2.92             | 1.76         |-2.05            |46.28          |46.78             |47.10           |46.66          |46.72           |37.80             | 2.20            |-23.66          |
      |HCG 94 

| 95|23 19 31.8|+09 29 31| 88.4615|-47.1355|Y            |E3        |           4|  1.5       | 11.9        | 13.1        |                  |ARP150   |VV20     |N7609    |         |  0.0396|              4|2.49          | 2.72             | 1.48         |-2.13            |45.72          |45.96             |46.11           |45.95          |45.99           |37.53             | 1.70            |-23.59          |
      |HCG 95 

| 96|23 27 58.3|+08 46 27| 90.6320|-48.7925|Y            |S2        |           4|  2.3       | 11.5        | 12.0        |                  |ARP182   |VV343    |N7674    |U12608   |  0.0292|              4|2.12          | 2.34             | 1.48         |-1.76            |44.97          |45.33             |45.43           |45.44          |45.38           |37.49             | 1.17            |-24.15          |
      |HCG 96 

| 97|23 47 26.9|-02 18 20| 88.5323|-60.8295|Y            |E2        |           5|  5.2       | 11.5        | 12.4        |                  |         |         |         |         |  0.0218|              5|2.57          | 2.80             | 1.80         |-1.90            |46.14          |46.55             |46.74           |46.51          |46.53           |37.28             | 2.54            |-23.95          |
      |HCG 97 

| 98|23 54 12.8|+00 22 24| 94.0324|-59.2492|Y            |E2        |           4|  2.4       | 11.5        | 12.2        |            0.0260|ARP323   |VV208    |N7783    |U12837   |  0.0266|              3|2.08          | 2.31             | 1.44         |-1.76            |44.83          |45.42             |45.27           |45.43          |45.35           |37.26             | 1.37            |-24.06          |
      |HCG 98 

| 99|00 00 43.7|+28 23 20|109.5968|-33.1663|Y            |S2        |           4|  2.4       | 12.2        | 13.0        |                  |U12896   |         |         |         |  0.0290|              5|2.42          | 2.65             | 1.63         |-1.91            |45.66          |46.03             |46.19           |45.82          |45.93           |37.52             | 1.70            |-24.05          |
      |HCG 99 

|100|00 01 20.8|+13 07 57|104.5571|-47.9440|Y            |S1        |           4|  3.6       | 11.5        | 12.1        |                  |N7803    |U12906   |         |         |  0.0178|              3|1.95          | 2.15             | 1.58         |-1.46            |44.69          |45.25             |45.12           |45.44          |45.19           |36.97             | 1.50            |-24.65          |
      |HCG 100

